{
  "S088": {
    "scenario": "S088",
    "usa_1min_to_10min_factor": 0.88,
    "cma_2min_to_10min_primary_factor": 0.96,
    "agencies": [
      "JTWC",
      "JMA",
      "CMA",
      "HKO",
      "KMA"
    ],
    "records": 4234,
    "storms": 232,
    "time_min": "2015-01-14T06:00:00+00:00",
    "time_max": "2024-11-19T06:00:00+00:00",
    "era_counts": {
      "2010-2019": 2434,
      "2020-2024": 1800
    },
    "kish_effective_storm_count": 161.92827979911118,
    "point_ms": [
      [
        0.0,
        4.745222175584016,
        3.5207372815431928,
        3.726392897578393,
        4.929310409189192
      ],
      [
        4.745222175584016,
        0.0,
        3.1847990772735097,
        3.563473698101541,
        2.7878362661327234
      ],
      [
        3.5207372815431928,
        3.1847990772735097,
        0.0,
        2.4897580877210306,
        3.439430709262081
      ],
      [
        3.726392897578393,
        3.563473698101541,
        2.4897580877210306,
        0.0,
        3.580802873467875
      ],
      [
        4.929310409189192,
        2.7878362661327234,
        3.439430709262081,
        3.580802873467875,
        0.0
      ]
    ],
    "lower_95_ms": [
      [
        0.0,
        4.465175927287909,
        3.348478182832494,
        3.538649793803877,
        4.6083413080882085
      ],
      [
        4.465175927287909,
        0.0,
        2.98705442060264,
        3.323698958397659,
        2.6167408580112186
      ],
      [
        3.348478182832494,
        2.98705442060264,
        0.0,
        2.342519070507784,
        3.231739285376637
      ],
      [
        3.538649793803877,
        3.323698958397659,
        2.342519070507784,
        0.0,
        3.3477638205317843
      ],
      [
        4.6083413080882085,
        2.6167408580112186,
        3.231739285376637,
        3.3477638205317843,
        0.0
      ]
    ],
    "upper_95_ms": [
      [
        0.0,
        4.988129704424946,
        3.6752447059629794,
        3.9047085080597257,
        5.202156233589861
      ],
      [
        4.988129704424946,
        0.0,
        3.3641466454348534,
        3.7819271877602185,
        2.953167800801596
      ],
      [
        3.6752447059629794,
        3.3641466454348534,
        0.0,
        2.6372828127056063,
        3.6339370692477178
      ],
      [
        3.9047085080597257,
        3.7819271877602185,
        2.6372828127056063,
        0.0,
        3.811416213709942
      ],
      [
        5.202156233589861,
        2.953167800801596,
        3.6339370692477178,
        3.811416213709942,
        0.0
      ]
    ],
    "cma_factor_grid": [
      0.9,
      0.91,
      0.92,
      0.93,
      0.94,
      0.95,
      0.96,
      0.97,
      0.98,
      0.99,
      1.0
    ],
    "cma_grid_min_ms": [
      [
        0.0,
        4.722629693313362,
        3.363250091407926,
        3.688100783099589,
        4.900438589744547
      ],
      [
        4.722629693313362,
        0.0,
        2.8196620590173707,
        3.563473698101541,
        2.7593787716786045
      ],
      [
        3.363250091407926,
        2.8196620590173707,
        0.0,
        2.487492803696625,
        3.0527052777043715
      ],
      [
        3.688100783099589,
        3.563473698101541,
        2.487492803696625,
        0.0,
        3.580802873467875
      ],
      [
        4.900438589744547,
        2.7593787716786045,
        3.0527052777043715,
        3.580802873467875,
        0.0
      ]
    ],
    "cma_grid_max_ms": [
      [
        0.0,
        4.745222175584016,
        3.8324657779555467,
        3.726392897578393,
        4.929310409189192
      ],
      [
        4.745222175584016,
        0.0,
        3.4662320527017516,
        3.579982170845061,
        2.7878362661327234
      ],
      [
        3.8324657779555467,
        3.4662320527017516,
        0.0,
        2.6416396615362614,
        3.72161683710607
      ],
      [
        3.726392897578393,
        3.579982170845061,
        2.6416396615362614,
        0.0,
        3.6173220291299066
      ],
      [
        4.929310409189192,
        2.7878362661327234,
        3.72161683710607,
        3.6173220291299066,
        0.0
      ]
    ],
    "pairwise_available_sensitivity_ms": [
      [
        0.0,
        5.231122948886825,
        4.461361602886478,
        4.5026304336957415,
        4.917375306003478
      ],
      [
        5.231122948886825,
        0.0,
        3.0252041526981697,
        3.373322213870653,
        2.7875823782515385
      ],
      [
        4.461361602886478,
        3.0252041526981697,
        0.0,
        2.56298384708277,
        3.419916926824762
      ],
      [
        4.5026304336957415,
        3.373322213870653,
        2.56298384708277,
        0.0,
        3.582732871968083
      ],
      [
        4.917375306003478,
        2.7875823782515385,
        3.419916926824762,
        3.582732871968083,
        0.0
      ]
    ],
    "pairwise_available_record_counts": [
      [
        10666,
        10533,
        10640,
        10616,
        4296
      ],
      [
        10533,
        10889,
        10876,
        10827,
        4383
      ],
      [
        10640,
        10876,
        11165,
        10954,
        4425
      ],
      [
        10616,
        10827,
        10954,
        10962,
        4400
      ],
      [
        4296,
        4383,
        4425,
        4400,
        4425
      ]
    ],
    "pairwise_available_storm_counts": [
      [
        546,
        544,
        544,
        544,
        232
      ],
      [
        544,
        561,
        560,
        560,
        239
      ],
      [
        544,
        560,
        562,
        560,
        239
      ],
      [
        544,
        560,
        560,
        561,
        239
      ],
      [
        232,
        239,
        239,
        239,
        239
      ]
    ]
  },
  "S093": {
    "scenario": "S093",
    "usa_1min_to_10min_factor": 0.93,
    "cma_2min_to_10min_primary_factor": 0.96,
    "agencies": [
      "JTWC",
      "JMA",
      "CMA",
      "HKO",
      "KMA"
    ],
    "records": 4234,
    "storms": 232,
    "time_min": "2015-01-14T06:00:00+00:00",
    "time_max": "2024-11-19T06:00:00+00:00",
    "era_counts": {
      "2010-2019": 2434,
      "2020-2024": 1800
    },
    "kish_effective_storm_count": 161.92827979911118,
    "point_ms": [
      [
        0.0,
        5.350938002456813,
        3.995558823097056,
        4.127159551755879,
        5.541493728045622
      ],
      [
        5.350938002456813,
        0.0,
        3.1847990772735097,
        3.563473698101541,
        2.7878362661327234
      ],
      [
        3.995558823097056,
        3.1847990772735097,
        0.0,
        2.4897580877210306,
        3.439430709262081
      ],
      [
        4.127159551755879,
        3.563473698101541,
        2.4897580877210306,
        0.0,
        3.580802873467875
      ],
      [
        5.541493728045622,
        2.7878362661327234,
        3.439430709262081,
        3.580802873467875,
        0.0
      ]
    ],
    "lower_95_ms": [
      [
        0.0,
        5.026929497753695,
        3.7928945581242988,
        3.917812012520244,
        5.196861152658978
      ],
      [
        5.026929497753695,
        0.0,
        2.994438835079269,
        3.320194581609839,
        2.6228866764940575
      ],
      [
        3.7928945581242988,
        2.994438835079269,
        0.0,
        2.3317566123565467,
        3.233701471547344
      ],
      [
        3.917812012520244,
        3.320194581609839,
        2.3317566123565467,
        0.0,
        3.341306451980563
      ],
      [
        5.196861152658978,
        2.6228866764940575,
        3.233701471547344,
        3.341306451980563,
        0.0
      ]
    ],
    "upper_95_ms": [
      [
        0.0,
        5.651737887366925,
        4.193321549288672,
        4.333116152243572,
        5.877371607108969
      ],
      [
        5.651737887366925,
        0.0,
        3.3663844935787606,
        3.8080778254905003,
        2.9690540118930557
      ],
      [
        4.193321549288672,
        3.3663844935787606,
        0.0,
        2.6429956496281397,
        3.636632109261269
      ],
      [
        4.333116152243572,
        3.8080778254905003,
        2.6429956496281397,
        0.0,
        3.8213177763857447
      ],
      [
        5.877371607108969,
        2.9690540118930557,
        3.636632109261269,
        3.8213177763857447,
        0.0
      ]
    ],
    "cma_factor_grid": [
      0.9,
      0.91,
      0.92,
      0.93,
      0.94,
      0.95,
      0.96,
      0.97,
      0.98,
      0.99,
      1.0
    ],
    "cma_grid_min_ms": [
      [
        0.0,
        5.337447217504507,
        3.758041424573349,
        4.0824212381476634,
        5.519263952900967
      ],
      [
        5.337447217504507,
        0.0,
        2.8196620590173707,
        3.563473698101541,
        2.7593787716786045
      ],
      [
        3.758041424573349,
        2.8196620590173707,
        0.0,
        2.487492803696625,
        3.0527052777043715
      ],
      [
        4.0824212381476634,
        3.563473698101541,
        2.487492803696625,
        0.0,
        3.580802873467875
      ],
      [
        5.519263952900967,
        2.7593787716786045,
        3.0527052777043715,
        3.580802873467875,
        0.0
      ]
    ],
    "cma_grid_max_ms": [
      [
        0.0,
        5.350938002456813,
        4.411511929643784,
        4.127159551755879,
        5.541493728045622
      ],
      [
        5.350938002456813,
        0.0,
        3.4662320527017516,
        3.579982170845061,
        2.7878362661327234
      ],
      [
        4.411511929643784,
        3.4662320527017516,
        0.0,
        2.6416396615362614,
        3.72161683710607
      ],
      [
        4.127159551755879,
        3.579982170845061,
        2.6416396615362614,
        0.0,
        3.6173220291299066
      ],
      [
        5.541493728045622,
        2.7878362661327234,
        3.72161683710607,
        3.6173220291299066,
        0.0
      ]
    ],
    "pairwise_available_sensitivity_ms": [
      [
        0.0,
        5.840263646368923,
        4.982783471088582,
        4.977667420801335,
        5.5284384432650695
      ],
      [
        5.840263646368923,
        0.0,
        3.0257011861296914,
        3.372779877821648,
        2.7875823782515385
      ],
      [
        4.982783471088582,
        3.0257011861296914,
        0.0,
        2.562812247722457,
        3.4205518491154483
      ],
      [
        4.977667420801335,
        3.372779877821648,
        2.562812247722457,
        0.0,
        3.5822388111811443
      ],
      [
        5.5284384432650695,
        2.7875823782515385,
        3.4205518491154483,
        3.5822388111811443,
        0.0
      ]
    ],
    "pairwise_available_record_counts": [
      [
        10675,
        10538,
        10647,
        10625,
        4298
      ],
      [
        10538,
        10894,
        10881,
        10832,
        4383
      ],
      [
        10647,
        10881,
        11172,
        10961,
        4427
      ],
      [
        10625,
        10832,
        10961,
        10971,
        4402
      ],
      [
        4298,
        4383,
        4427,
        4402,
        4427
      ]
    ],
    "pairwise_available_storm_counts": [
      [
        546,
        544,
        544,
        544,
        232
      ],
      [
        544,
        561,
        560,
        560,
        239
      ],
      [
        544,
        560,
        562,
        560,
        239
      ],
      [
        544,
        560,
        560,
        561,
        239
      ],
      [
        232,
        239,
        239,
        239,
        239
      ]
    ]
  }
}
